832	2	-9	11	195.70848930283682	0.605	0.0576813533023539	0.	40	0.1	0.008
832	2	-9	12	195.8411777797155	0.605	0.0055844540440524075	0.	40	0.1	0.008
832	2	-9	13	195.94321388198296	0.605	0.02331396026198481	0.	40	0.1	0.008
832	2	-9	14	196.02869112190092	0.605	0.0053540395192105536	0.	40	0.1	0.008
832	2	-9	15	196.09626972081605	0.605	0.027877452900753788	0.	40	0.1	0.008
832	2	-9	16	196.16448427416617	0.605	0.007353781983185947	0.	40	0.1	0.008
832	2	-9	17	196.2844947791309	0.605	0.000146219515283188	0.	40	0.1	0.008
832	2	-9	18	196.33576668507885	0.605	0.0011216020017422615	0.	40	0.1	0.008
832	2	-9	19	196.38779308559606	0.605	0.001364801293982429	0.	40	0.1	0.008
832	2	-9	20	196.44165545894066	0.605	0.0007005522324602131	0.	40	0.1	0.008
832	2	-7	15	195.71781672368525	0.605	0.	0.000245822280422598	40	0.1	0.008
832	2	-7	16	195.84993467864115	0.605	0.	0.0005401833022849497	40	0.1	0.008
832	2	-7	17	195.86951859493274	0.605	0.	0.16516157999305067	40	0.1	0.008
832	2	-7	18	195.94519172160653	0.605	0.	0.04030922813649976	40	0.1	0.008
832	2	-7	19	196.03817328065634	0.605	0.	0.0021824140294982785	40	0.1	0.008
832	2	-7	20	196.04666039918084	0.605	0.	0.026424484264719654	40	0.1	0.008
832	2	-7	21	196.10058321536053	0.605	0.	0.00018143895765701068	40	0.1	0.008
832	2	-7	22	196.16386437806068	0.605	0.	0.06269376790140757	40	0.1	0.008
832	2	-7	23	196.22595120733604	0.605	0.	0.03943946947519489	40	0.1	0.008
832	2	-7	24	196.2954999646754	0.605	0.	0.00006173319795105533	40	0.1	0.008
832	2	-7	25	196.34290535666514	0.605	0.	0.000042757083564731155	40	0.1	0.008
832	2	-7	26	196.39084757165983	0.605	0.	0.00067203676239694	40	0.1	0.008
832	2	-7	27	196.44099791767076	0.605	0.	0.003202964102261867	40	0.1	0.008
832	2	-7	28	196.49345168750733	0.605	0.	0.00423215435369173	40	0.1	0.008
832	2	-5	18	195.72763164003845	0.605	0.000037693707113355296	0.	40	0.1	0.008
832	2	-5	19	195.8591727267485	0.605	0.00014231557144577122	0.	40	0.1	0.008
832	2	-5	20	195.87144088710193	0.605	0.0008201586593661389	0.	40	0.1	0.008
832	2	-5	21	195.94716248003533	0.605	0.0001324795152979339	0.	40	0.1	0.008
832	2	-5	22	196.04114339890657	0.605	0.04656047529202476	0.	40	0.1	0.008
832	2	-5	23	196.04826011270052	0.605	0.00007577261236677772	0.	40	0.1	0.008
832	2	-5	24	196.05866930744378	0.605	0.07380661529599167	0.	40	0.1	0.008
832	2	-5	25	196.10519467439735	0.605	0.00009188705133712662	0.	40	0.1	0.008
832	2	-5	26	196.16323482146254	0.605	0.0009064656901309185	0.	40	0.1	0.008
832	2	-5	27	196.22105498728342	0.605	0.022846744271781197	0.	40	0.1	0.008
832	2	-5	28	196.27134550281335	0.605	0.032927223376452416	0.	40	0.1	0.008
832	2	-5	29	196.3072451869375	0.605	2.2588571487201064e-6	0.	40	0.1	0.008
832	2	-5	30	196.35065793350805	0.605	4.0985929544701526e-7	0.	40	0.1	0.008
832	2	-5	31	196.3941483987728	0.605	0.00001797408890785482	0.	40	0.1	0.008
832	2	-5	32	196.44027879688656	0.605	0.000048920952072319094	0.	40	0.1	0.008
832	2	-5	33	196.4894207949983	0.605	0.0008812436455622218	0.	40	0.1	0.008
832	2	-5	34	196.54082893050509	0.605	0.0025737476663982265	0.	40	0.1	0.008
832	2	-9	21	228.81617853988428	0.6	0.0010199334430547914	0.	400	0	0.008
832	2	-9	22	228.84434854547726	0.6	0.0001010906343152285	0.	400	0	0.008
832	2	-9	23	228.8810383255477	0.6	0.00026465252187412073	0.	400	0	0.008
832	2	-9	24	228.88262596417917	0.6	0.0009804701034196056	0.	400	0	0.008
832	2	-9	25	228.90881941549014	0.6	0.0004356177307838638	0.	400	0	0.008
832	2	-9	26	228.9306832473958	0.6	0.000022979889886256536	0.	400	0	0.008
832	2	-9	27	228.9381830712082	0.6	0.00014036949326293196	0.	400	0	0.008
832	2	-9	28	228.9514764774358	0.6	0.000024127588482794004	0.	400	0	0.008
832	2	-9	29	228.9735635013203	0.6	4.722035215820019e-7	0.	400	0	0.008
832	2	-9	30	228.99637820996577	0.6	5.952531978065758e-6	0.	400	0	0.008
832	2	-7	29	228.81871169008082	0.6	0.	1.168348897230779e-7	400	0	0.008
832	2	-7	30	228.8468675496988	0.6	0.	0.000039079977173164084	400	0	0.008
832	2	-7	31	228.86734355782392	0.6	0.	0.0027947499796990363	400	0	0.008
832	2	-7	32	228.88345990615198	0.6	0.	0.0004500191881399275	400	0	0.008
832	2	-7	33	228.88375374069437	0.6	0.	0.0000372845698588633	400	0	0.008
832	2	-7	34	228.9099266526173	0.6	0.	0.00010663006973822422	400	0	0.008
832	2	-7	35	228.92468125140294	0.6	0.	0.002462195981746279	400	0	0.008
832	2	-7	36	228.93389623635449	0.6	0.	2.167839323515665e-6	400	0	0.008
832	2	-7	37	228.9378047780483	0.6	0.	0.0014377673979504822	400	0	0.008
832	2	-7	38	228.9532123473473	0.6	0.	9.571052274720787e-6	400	0	0.008
832	2	-7	39	228.9660386100295	0.6	0.	0.0007071263520907905	400	0	0.008
832	2	-7	40	228.9740319097764	0.6	0.	0.00003799814466147488	400	0	0.008
832	2	-7	41	228.99576289759716	0.6	0.	7.155976686108368e-6	400	0	0.008
832	2	-7	42	229.01760068867588	0.6	0.	0.000024946326170900088	400	0	0.008
832	2	-5	35	228.82134450454032	0.6	5.163086798325131e-7	0.	400	0	0.008
832	2	-5	36	228.84949136368232	0.6	1.4828193714237624e-6	0.	400	0	0.008
832	2	-5	37	228.86826660379302	0.6	1.754343556785744e-6	0.	400	0	0.008
832	2	-5	38	228.8842954497668	0.6	8.14107473681099e-6	0.	400	0	0.008
832	2	-5	39	228.8866044038441	0.6	3.910726145957882e-7	0.	400	0	0.008
832	2	-5	40	228.91106462368043	0.6	7.749927090662912e-6	0.	400	0	0.008
832	2	-5	41	228.92318716278533	0.6	0.001295939855551753	0.	400	0	0.008
832	2	-5	42	228.92379490227904	0.6	0.00043152124563218026	0.	400	0	0.008
832	2	-5	43	228.93731106986525	0.6	1.432311472752219e-8	0.	400	0	0.008
832	2	-5	44	228.93739618809195	0.6	3.5883625897969987e-6	0.	400	0	0.008
832	2	-5	45	228.95502566947835	0.6	2.9101396757952374e-7	0.	400	0	0.008
832	2	-5	46	228.96417307964293	0.6	0.0009086526998424055	0.	400	0	0.008
832	2	-5	47	228.97451168310363	0.6	6.549503150727437e-7	0.	400	0	0.008
832	2	-5	48	228.97868574847234	0.6	0.0017099560982413396	0.	400	0	0.008
832	2	-5	49	228.9951234413311	0.6	7.800117224648708e-6	0.	400	0	0.008
832	2	-5	50	229.0160598368384	0.6	7.730129800598074e-6	0.	400	0	0.008
832	2	-5	51	229.03628967772238	0.6	0.000010224696622104234	0.	400	0	0.008